-1.071735
-0.119707
-1.500789
0.198291
-1.847088
1.657606
-1.134843
-1.246341
1.232576
-1.223717
-3.173947
1.894606
2.626695
-0.606466
0.354149
-0.106436
-0.238256
-1.804636
-1.063501
-1.059711
-1.361590
-0.958074
0.952122
1.900903
-1.458464
0.361936
0.366445
0.315368
0.119769
-0.304236
-1.607866
-0.558873
-0.594766
2.131555
1.828585
-0.875994
-0.067289
1.578225
-1.080537
2.200255
-0.913783
0.370015
-0.071425
-0.695492
0.396349
-0.955802
-1.071205
-0.715912
2.195583
-0.278963
0.930737
-0.141615
0.003621
-0.306717
-0.181268
-0.414379
-0.433049
1.669831
-0.941537
-0.841680
-0.881234
1.094459
-0.384946
-0.490044
1.014856
0.535429
1.409626
-0.966043
-1.459949
0.272872
-1.422002
-0.031049
2.486606
-2.075486
0.308430
-0.230317
-1.351584
-0.308729
1.287615
-0.016792
-0.997520
-1.758925
0.882203
0.042970
0.158463
1.027739
0.578651
2.542710
0.051705
0.937023
-0.380124
-1.145119
-1.160958
-0.277089
-0.161998
-0.738063
0.843045
-1.805973
2.728305
-1.307482
-2.927365
1.114932
2.996947
-1.878017
1.494982
-2.202268
1.466748
0.068597
1.814984
0.275249
1.036055
0.982674
1.799516
1.370270
-1.076656
1.824610
0.400698
-2.291315
-0.541633
-0.445456
-0.785193
-2.713262
0.925495
-0.806794
2.059857
-0.464513
0.832971
-1.755295
0.562458
-0.176812
1.968127
-2.021383
0.946389
1.503204
1.776622
-1.154425
-0.179270
-1.192141
-2.543981
-0.742322
0.093930
0.929247
-1.042937
-0.692100
-3.645257
-0.048827
-1.916639
0.244157
-2.202188
-1.740848
-1.789469
-2.730342
-1.295009
-0.319884
-0.633912
-0.727887
-0.657790
-0.354334
1.947999
-0.423811
-0.323187
-0.341479
-0.720672
-1.176263
-1.031892
1.090804
3.197578
-2.100818
-1.251279
-0.605038
2.691238
-1.183801
0.263685
2.093715
1.925341
-2.496034
-0.681399
-1.690969
-1.238876
2.430006
-1.074532
-0.079231
0.357296
-0.407090
-0.826985
0.794684
-0.329642
-0.632919
-2.564592
-2.584195
-1.425631
4.549536
1.870613
-0.054364
-0.487552
0.393036
-1.329024
-1.223519
1.321039
-1.050251
1.306491
0.152878
0.947035
2.545481
-0.391130
0.342963
1.346789
1.379320
0.387569
-0.307949
-2.430192
-3.764921
-0.358731
-0.072105
-0.543353
-0.436694
-1.283086
-0.011094
-2.389023
1.656416
-0.257827
-0.787818
-1.349899
-0.798153
1.151602
-0.890331
1.635132
-2.360229
-1.637731
1.317763
-0.657070
1.324770
-0.236257
-1.097500
1.223822
-2.919290
0.379705
1.650257
-1.161407
-2.504877
2.891699
-0.562336
-0.376847
-0.072693
-3.063097
-1.820007
0.274477
0.545827
0.512365
0.475794
-1.581293
-0.787862
-3.042254
-1.579329
1.309277
0.614265
-1.506463
-1.146106
0.656426
0.487921
-0.119727
1.675058
-2.219625
-0.573212
-0.256548
-1.265859
-0.198421
0.211573
1.597764
1.169893
1.829593
0.225410
0.872813
-0.778306
-1.412102
-0.126607
-1.926368
-1.711538
2.175769
-3.188043
0.615118
0.040486
-0.925938
-0.835735
0.197097
1.224106
-0.157013
0.796408
1.733031
0.991103
0.106132
-1.784653
-1.208599
-1.516180
0.189274
-2.153889
-0.510203
-0.073718
1.270867
-1.469677
-0.393160
-1.092784
-0.905587
-0.645914
-0.764275
1.371482
2.078962
-0.473259
0.670187
0.546645
1.051939
-0.636041
0.019657
-0.526919
1.753903
-1.346019
0.451957
-1.021005
-2.646880
-1.516302
0.920536
0.312682
0.776558
0.507689
-0.517846
-1.182240
-0.092089
-2.710553
-0.594040
0.851127
-0.282941
-0.974562
-1.372276
-1.266218
0.513164
0.435741
0.221584
-0.563457
-0.578021
-1.293052
0.519973
2.886944
-0.749889
1.148971
-1.939810
0.132150
2.040754
-0.482108
-0.101989
0.143454
2.271819
-1.342885
0.519697
-0.816795
2.494149
-0.720554
-1.094050
-0.089882
1.940798
1.284567
3.560732
-1.214045
-0.617905
-0.151926
-0.443719
0.038517
-2.039415
-1.758802
-1.924314
2.173077
-0.483834
0.093557
-0.248915
-0.195012
-0.744662
-0.148648
-0.039585
1.305516
1.230579
1.360225
0.981943
1.771417
-1.660362
1.711540
3.313932
0.057002
-1.725184
2.001656
-0.362063
-0.700546
0.799453
-0.229585
-1.473454
-0.169955
-0.492540
0.385311
0.233297
2.649684
-1.582185
-0.001453
0.939466
-0.045063
-1.063960
0.971890
2.028352
-0.902808
-0.772577
-1.018636
1.145051
-0.909464
-2.172024
0.576405
-1.710338
0.174220
1.136410
0.291911
-0.138272
0.331531
-1.093822
-0.461735
0.993949
-0.805768
-0.633805
0.957031
-2.410147
-0.537390
-0.870467
-1.571594
-0.123175
0.918500
-1.384205
0.464923
-0.859423
0.042045
0.261859
-0.065471
0.620879
1.869986
0.473678
2.030486
0.868238
-0.070969
-2.112350
1.423069
-0.902664
-1.821607
0.892458
0.219732
-0.643343
0.482148
-0.250192
1.557448
-1.978890
0.455858
0.335013
0.625308
0.620248
1.460519
-0.347625
2.748853
0.307352
-0.337888
-0.940513
2.850729
-0.166656
0.059541
-1.431758
0.996541
0.013349
-0.924725
-0.339417
2.279520
0.996885
-0.516723
-2.235748
-1.619991
-0.980419
-0.202565
1.455744
-0.506341
-3.228568
2.359320
0.733135
-0.789019
0.881861
1.379556
-1.148056
0.473207
-0.235424
0.054280
0.611040
1.850218
-1.503864
0.563226
2.470180
-0.068253
-1.892400
-1.197496
0.563291
0.375900
